$ANSIBLE_VAULT;1.1;AES256
66363066323432363537366339643466383833383066653335383863383130633434366461646230
3864363163613435393639303334303832303463623739630a633265343763646463363164393632
33373265613433663163373736323531633062303836643262326231306233343238396631613030
6236633638383437300a653764303762643561343335633637303731326331366236303264373833
30636665363636366266636139386439623333343830663134353633393236323834636330656132
38336363653439356136626164356330653938316439303730353863303466633064326465653235
33363231663463623338316636313734393738323364373465343032633064383633663039373866
39366131613635396666366331613665306639376438653563336263303231646231323764643938
35343432303231356464383964323633383834373264316132623761393462303233326633376339
39323562313662653936643230653761336366316637656166386464633438613061363165323637
63306261623138363462383331353333313333366561646339623638343161313265653434326561
65326464653130646261376135323639633763643266376238336439613733666230643564613630
35383430373138376631396465333964366137613236353864316461343861646666653866643731
33396537303238386233613561653130626562366266313731353135373030653335373033336661
323232663766623739343736363933326432
