$ANSIBLE_VAULT;1.1;AES256
32393362363235383063653832643536343834633433326238336237343438613830653734313035
3765323463363162306337313538336262336562303738380a316664316132373566623839376133
61373431386164373338303861313866353834623735343362373732373262636463626162323161
3230373464323239650a623637353533643861383736303835373363613736306538393662626564
30353462313035303336643063306136613765356563636639626232663835623437383064363363
38386130336233323138333436333662373263656535356637383830646434393166316631626134
65626531313163363039333138613331396461623963616637306234343862323432336133643238
61636362643338373530326137363733326530623431663962326431303830326639326663386130
35393439333630316437663261303939656663323535356230623363653462363330633634653632
35303031336338666663363962373364613164633637646339633838666431353732646339386136
33653635353633323363306139336631336433346133386436303632653363346537313032383231
37656630343565323535663136393138656561353335313938336566333566346332383961666363
35666635393032346138373565616364623332316438303532643066383966623266343365393361
66333563633364303337386365393365663361353136663563363865353133313635336334336432
62663765303230626563666139663461663836366638396461386363316230313163313066303638
63353432386663333530323033343235616561323437393933666139313261323163386265353637
37373763383066396331356639653539386536353535613631376138626561396335663863306463
30636539666335333766656437373833663631653065623963346231623132373430336139393064
32313331303162376532626261626234343365653564646433386462366539353036626139303630
38376666313266666163346436633362383666373139636666643434383736623963633664343335
64626334343462376139623438323339623163386338613563326263643632326637323763653433
65313164353837383836346235613466303932623961303130326662343964643935616266313031
62353065613861333031636536383363393962376537303832613537613663653161383537383265
31323038663138373464393063643938663638373463623763383365306532306630666166636361
33623430303964646633323630663137373736623962396636663561663566383936336662626261
34316166613832386634313938353065633565303664336430386539643232383036383038353834
35383139393835396365623463633437396634646265616562663733353763616435373939323633
64376331333438656636613834383834303563356139356665313064633265353835626332343238
34636364383630643836666335666662353934363933346234303231623563653938663534326635
3666336362326231333737643664323266653834386364656162
