$ANSIBLE_VAULT;1.1;AES256
61656334643830336665613532323034616538353162613733326430346237666161373761343162
3263303263303963376538363230623038653665653538360a653037386161353566353739666631
66323363666664373536306136383635643232333739636133633835346434666534316164613065
6165366432333938640a326238333261313037616633366433626339636535376234333662616432
35356662653333373138373530356432373735336366646362623132613839623663363634643334
65306635313239333432306166643534336261636163656362636464396530653962343630666635
65353436376135333138303364396139666364366334626333653337306439306361616662653432
33343866366665623465343333353437663062356364336339343862373335643264636539353132
30316663383334336633623935656436376434316566313132373335313563346261336532313032
63643031326433623265316536323232303661613935343033333366613864616561623934633133
37653631396539653833656339356466303039663365626139656339303137646465383464626365
33643539343434663863396661623534663762613232333636343364393932653538336664643962
30653930623336663539336534326363626435366239646137303362373965336163663966373161
30613133633835363434386266303064336137343839623864333762643138643464386263383939
37633831633465666363313438333761666138656266306464393835333063323234326162353039
30333431626138333663623636366361306461363962383836383433666432633939653432333835
62633264306334383739373064343930393731353965623930393035316235373030613361313239
36373561643566376433396462333832316162333036636661376564383232663831373662303935
34623230363734326338396562376166633063383430646334356536666538363437613630336634
30336637323932346166303335653032316236316565353332633264373633636433383134626565
62383766343138313464653165313263333236306665623833336131323561663739666633633931
31396161663935336531653937343731626164656534633130303435356539633537643036633063
61353363383961323562386564656335323865376466653937623164383565343939303463393839
62353562333434303365316635616137336465346462666361336465383733666232353763303432
64373563313063363531636664643166633535373138356236383338353566633630336132373936
35376230626638633730653064666230323536366463663633636363373230316130393962363463
62616162653635366532643334336435353766303464653034336138303834636461363364363738
33636263386565353662
